03:30:47 52 2445 0.21 0.35 0.41
03:30:48 52 2444 0.21 0.35 0.41
03:30:49 52 2444 0.21 0.35 0.41
03:30:50 53 2444 0.21 0.35 0.41
03:30:51 53 2444 0.19 0.34 0.40
03:30:52 53 2444 0.19 0.34 0.40
03:30:53 53 2444 0.19 0.34 0.40
03:30:54 53 2444 0.19 0.34 0.40
03:30:55 53 2444 0.19 0.34 0.40
03:30:56 53 2444 0.26 0.35 0.41
03:30:57 53 2445 0.26 0.35 0.41
03:30:58 52 2445 0.26 0.35 0.41
03:30:59 52 2445 0.26 0.35 0.41
03:31:00 52 2445 0.26 0.35 0.41
03:31:01 52 2445 0.24 0.35 0.41
03:31:02 52 2444 0.24 0.35 0.41
03:31:03 52 2442 0.24 0.35 0.41
03:31:04 52 2441 0.24 0.35 0.41
03:31:05 55 2441 0.24 0.35 0.41
03:31:06 60 2442 0.22 0.34 0.40
03:31:07 65 2442 0.22 0.34 0.40
03:31:08 65 2444 0.22 0.34 0.40
03:31:09 70 2444 0.22 0.34 0.40
03:31:10 72 2444 0.22 0.34 0.40
03:31:11 72 2445 0.28 0.35 0.41
03:31:12 73 2445 0.28 0.35 0.41
03:31:13 74 2445 0.28 0.35 0.41
03:31:14 74 2445 0.28 0.35 0.41
03:31:15 74 2445 0.28 0.35 0.41
03:31:16 75 2445 0.34 0.36 0.41
03:31:17 76 2445 0.34 0.36 0.41
03:31:18 76 2445 0.34 0.36 0.41
03:31:19 76 2445 0.34 0.36 0.41
03:31:20 77 2446 0.34 0.36 0.41
03:31:21 78 2447 0.31 0.36 0.41
03:31:22 78 2447 0.31 0.36 0.41
03:31:23 79 2447 0.31 0.36 0.41
03:31:24 79 2449 0.31 0.36 0.41
03:31:25 79 2447 0.31 0.36 0.41
03:31:26 79 2446 0.37 0.37 0.41
03:31:27 80 2445 0.37 0.37 0.41
03:31:28 80 2445 0.37 0.37 0.41
03:31:29 80 2445 0.37 0.37 0.41
03:31:30 80 2445 0.37 0.37 0.41
03:31:31 81 2445 0.34 0.36 0.41
03:31:32 81 2445 0.34 0.36 0.41
03:31:33 81 2445 0.34 0.36 0.41
03:31:34 81 2445 0.34 0.36 0.41
03:31:35 82 2445 0.34 0.36 0.41
03:31:36 82 2444 0.31 0.36 0.41
03:31:37 82 2444 0.31 0.36 0.41
03:31:38 82 2444 0.31 0.36 0.41
03:31:39 82 2444 0.31 0.36 0.41
03:31:40 83 2444 0.31 0.36 0.41
03:31:41 83 2444 0.29 0.35 0.41
03:31:42 83 2444 0.29 0.35 0.41
03:31:43 83 2442 0.29 0.35 0.41
03:31:44 83 2442 0.29 0.35 0.41
03:31:45 83 2441 0.29 0.35 0.41
03:31:46 84 2441 0.34 0.36 0.41
03:31:47 84 2441 0.34 0.36 0.41
03:31:48 84 2441 0.34 0.36 0.41
03:31:49 84 2442 0.34 0.36 0.41
03:31:50 84 2444 0.34 0.36 0.41
03:31:51 85 2444 0.40 0.37 0.41
03:31:52 85 2444 0.40 0.37 0.41
03:31:53 85 2444 0.40 0.37 0.41
03:31:54 85 2444 0.40 0.37 0.41
03:31:55 85 2444 0.40 0.37 0.41
03:31:56 85 2444 0.44 0.38 0.41
03:31:57 84 2444 0.44 0.38 0.41
03:31:58 81 2444 0.44 0.38 0.41
03:31:59 81 2444 0.44 0.38 0.41
03:32:00 80 2444 0.44 0.38 0.41
03:32:01 80 2442 0.49 0.39 0.42
03:32:02 80 2441 0.49 0.39 0.42
03:32:03 80 2440 0.49 0.39 0.42
03:32:04 81 2440 0.49 0.39 0.42
03:32:05 84 2440 0.49 0.39 0.42
03:32:06 84 2440 0.53 0.40 0.42
03:32:07 84 2440 0.53 0.40 0.42
03:32:08 85 2441 0.53 0.40 0.42
03:32:09 85 2441 0.53 0.40 0.42
03:32:10 85 2441 0.53 0.40 0.42
03:32:11 85 2441 0.57 0.41 0.42
03:32:12 86 2441 0.57 0.41 0.42
03:32:13 86 2441 0.57 0.41 0.42
03:32:14 86 2440 0.57 0.41 0.42
03:32:15 86 2441 0.57 0.41 0.42
03:32:16 86 2441 0.76 0.45 0.44
03:32:17 86 2442 0.76 0.45 0.44
03:32:19 86 2441 0.76 0.45 0.44
03:32:20 87 2441 0.76 0.45 0.44
03:32:21 87 2442 0.76 0.45 0.44
03:32:22 87 2441 0.78 0.46 0.44
03:32:23 87 2441 0.78 0.46 0.44
03:32:24 87 2441 0.78 0.46 0.44
03:32:25 88 2441 0.78 0.46 0.44
03:32:26 88 2441 0.78 0.46 0.44
03:32:27 88 2442 0.88 0.49 0.45
03:32:28 88 2442 0.88 0.49 0.45
03:32:29 88 2444 0.88 0.49 0.45
03:32:30 88 2442 0.88 0.49 0.45
03:32:31 88 2441 0.81 0.48 0.45
03:32:32 88 2442 0.81 0.48 0.45
03:32:33 88 2444 0.81 0.48 0.45
03:32:34 88 2444 0.81 0.48 0.45
03:32:35 88 2445 0.81 0.48 0.45
03:32:36 88 2446 0.74 0.47 0.44
03:32:37 88 2447 0.74 0.47 0.44
03:32:38 88 2446 0.74 0.47 0.44
03:32:39 88 2445 0.74 0.47 0.44
03:32:40 89 2444 0.74 0.47 0.44
03:32:41 89 2444 0.68 0.47 0.44
03:32:42 89 2442 0.68 0.47 0.44
03:32:43 89 2442 0.68 0.47 0.44
03:32:44 89 2441 0.68 0.47 0.44
03:32:45 89 2441 0.68 0.47 0.44
03:32:46 89 2441 0.71 0.47 0.44
03:32:47 89 2440 0.71 0.47 0.44
03:32:48 89 2441 0.71 0.47 0.44
03:32:49 89 2441 0.71 0.47 0.44
03:32:50 89 2441 0.71 0.47 0.44
03:32:51 89 2441 0.73 0.48 0.45
03:32:52 89 2442 0.73 0.48 0.45
03:32:53 89 2442 0.73 0.48 0.45
03:32:54 89 2441 0.73 0.48 0.45
03:32:55 89 2440 0.73 0.48 0.45
03:32:56 84 2440 0.83 0.51 0.46
03:32:57 79 2440 0.83 0.51 0.46
03:32:58 79 2439 0.83 0.51 0.46
03:32:59 73 2439 0.83 0.51 0.46
03:33:00 68 2440 0.83 0.51 0.46
03:33:01 68 2440 1.01 0.55 0.47
03:33:02 67 2441 1.01 0.55 0.47
03:33:03 66 2442 1.01 0.55 0.47
03:33:04 66 2442 1.01 0.55 0.47
03:33:05 66 2441 1.01 0.55 0.47
03:33:06 65 2441 1.09 0.57 0.48
03:33:07 64 2442 1.09 0.57 0.48
03:33:08 64 2442 1.09 0.57 0.48
03:33:09 64 2442 1.09 0.57 0.48
03:33:10 63 2444 1.09 0.57 0.48
03:33:11 63 2444 1.08 0.58 0.48
03:33:12 63 2444 1.08 0.58 0.48
03:33:13 62 2442 1.08 0.58 0.48
03:33:14 62 2441 1.08 0.58 0.48
03:33:15 61 2440 1.08 0.58 0.48
03:33:16 61 2439 1.07 0.59 0.48
03:33:17 61 2439 1.07 0.59 0.48
03:33:18 60 2439 1.07 0.59 0.48
03:33:19 60 2439 1.07 0.59 0.48
03:33:20 60 2439 1.07 0.59 0.48
03:33:21 59 2440 1.07 0.59 0.49
03:33:22 59 2441 1.07 0.59 0.49
03:33:23 59 2442 1.07 0.59 0.49
03:33:24 58 2442 1.07 0.59 0.49
03:33:25 58 2444 1.07 0.59 0.49
03:33:26 58 2444 1.06 0.60 0.49
03:33:27 58 2444 1.06 0.60 0.49
03:33:28 57 2442 1.06 0.60 0.49
03:33:29 57 2441 1.06 0.60 0.49
03:33:30 57 2442 1.06 0.60 0.49
03:33:31 57 2442 1.06 0.61 0.49
03:33:32 57 2442 1.06 0.61 0.49
03:33:33 57 2442 1.06 0.61 0.49
03:33:34 56 2442 1.06 0.61 0.49
03:33:35 56 2444 1.06 0.61 0.49
03:33:36 56 2444 1.21 0.65 0.51
03:33:37 56 2444 1.21 0.65 0.51
03:33:38 56 2444 1.21 0.65 0.51
03:33:39 56 2444 1.21 0.65 0.51
03:33:40 55 2444 1.21 0.65 0.51
03:33:41 55 2444 1.20 0.65 0.51
03:33:42 55 2444 1.20 0.65 0.51
03:33:43 55 2442 1.20 0.65 0.51
03:33:44 55 2442 1.20 0.65 0.51
03:33:45 55 2441 1.20 0.65 0.51
03:33:46 55 2441 1.26 0.68 0.52
03:33:47 55 2442 1.26 0.68 0.52
03:33:48 55 2441 1.26 0.68 0.52
03:33:49 55 2441 1.26 0.68 0.52
03:33:50 55 2441 1.26 0.68 0.52
03:33:51 55 2442 1.32 0.70 0.52
03:33:52 55 2442 1.32 0.70 0.52
03:33:53 55 2441 1.32 0.70 0.52
03:33:54 55 2442 1.32 0.70 0.52
03:33:55 55 2442 1.32 0.70 0.52
03:33:56 54 2442 1.37 0.72 0.53
03:33:57 54 2442 1.37 0.72 0.53
03:33:58 54 2442 1.37 0.72 0.53
03:33:59 54 2444 1.37 0.72 0.53
03:34:01 54 2444 1.37 0.72 0.53
03:34:02 54 2444 1.42 0.74 0.54
03:34:03 53 2444 1.42 0.74 0.54
03:34:04 53 2444 1.42 0.74 0.54
03:34:05 54 2444 1.42 0.74 0.54
03:34:07 53 2444 1.39 0.75 0.54
03:34:08 53 2444 1.39 0.75 0.54
03:34:09 54 2444 1.39 0.75 0.54
03:34:10 53 2444 1.39 0.75 0.54
03:34:11 53 2444 1.44 0.77 0.55
03:34:12 53 2442 1.44 0.77 0.55
03:34:13 53 2442 1.44 0.77 0.55
03:34:14 53 2442 1.44 0.77 0.55
03:34:15 53 2441 1.44 0.77 0.55
03:34:16 53 2442 1.48 0.79 0.56
03:34:17 53 2441 1.48 0.79 0.56
03:34:18 53 2442 1.48 0.79 0.56
03:34:19 52 2441 1.48 0.79 0.56
03:34:20 52 2441 1.48 0.79 0.56
03:34:21 53 2441 1.61 0.82 0.57
03:34:22 53 2442 1.61 0.82 0.57
03:34:23 53 2444 1.61 0.82 0.57
03:34:24 53 2444 1.61 0.82 0.57
03:34:25 53 2444 1.61 0.82 0.57
03:34:26 53 2445 1.56 0.83 0.57
03:34:27 53 2444 1.56 0.83 0.57
03:34:28 53 2444 1.56 0.83 0.57
03:34:29 53 2444 1.56 0.83 0.57
03:34:30 53 2445 1.56 0.83 0.57
03:34:31 52 2446 1.51 0.83 0.58
03:34:32 52 2446 1.51 0.83 0.58
03:34:33 52 2446 1.51 0.83 0.58
03:34:34 52 2447 1.51 0.83 0.58
03:34:35 52 2446 1.51 0.83 0.58
03:34:36 52 2445 1.63 0.87 0.59
03:34:37 52 2445 1.63 0.87 0.59
03:34:38 52 2445 1.63 0.87 0.59
03:34:39 52 2446 1.63 0.87 0.59
03:34:40 52 2445 1.63 0.87 0.59
03:34:41 52 2446 1.74 0.90 0.60
03:34:42 52 2446 1.74 0.90 0.60
03:34:43 52 2445 1.74 0.90 0.60
03:34:44 52 2445 1.74 0.90 0.60
03:34:45 52 2444 1.74 0.90 0.60
03:34:46 52 2445 2.00 0.97 0.63
03:34:47 52 2444 2.00 0.97 0.63
03:34:48 52 2444 2.00 0.97 0.63
03:34:49 52 2445 2.00 0.97 0.63
03:34:50 52 2446 2.00 0.97 0.63
03:34:51 52 2446 1.92 0.97 0.63
03:34:52 51 2446 1.92 0.97 0.63
03:34:53 51 2446 1.92 0.97 0.63
03:34:55 51 2447 1.92 0.97 0.63
03:34:56 51 2446 1.92 0.97 0.63
03:34:57 51 2445 1.93 0.99 0.63
03:34:58 51 2445 1.93 0.99 0.63
03:34:59 51 2445 1.93 0.99 0.63
03:35:00 50 2446 1.93 0.99 0.63
03:35:01 50 2446 1.93 0.99 0.63
03:35:02 50 2446 1.93 1.00 0.64
03:35:03 50 2447 1.93 1.00 0.64
03:35:04 50 2447 1.93 1.00 0.64
03:35:05 50 2446 1.93 1.00 0.64
03:35:06 50 2445 1.93 1.00 0.64
03:35:07 50 2444 2.02 1.04 0.65
03:35:08 50 2444 2.02 1.04 0.65
03:35:09 51 2444 2.02 1.04 0.65
03:35:10 51 2444 2.02 1.04 0.65
03:35:11 51 2444 2.10 1.07 0.67
03:35:12 51 2444 2.10 1.07 0.67
03:35:13 50 2444 2.10 1.07 0.67
03:35:14 50 2444 2.10 1.07 0.67
03:35:15 50 2444 2.10 1.07 0.67
03:35:16 50 2442 2.33 1.13 0.69
03:35:17 50 2442 2.33 1.13 0.69
03:35:18 51 2442 2.33 1.13 0.69
03:35:19 50 2442 2.33 1.13 0.69
03:35:20 50 2442 2.33 1.13 0.69
03:35:21 50 2442 2.38 1.17 0.70
03:35:22 50 2442 2.38 1.17 0.70
03:35:23 50 2442 2.38 1.17 0.70
03:35:24 50 2441 2.38 1.17 0.70
03:35:25 50 2441 2.38 1.17 0.70
03:35:26 50 2440 2.51 1.21 0.72
03:35:27 50 2440 2.51 1.21 0.72
03:35:28 50 2440 2.51 1.21 0.72
03:35:29 50 2441 2.51 1.21 0.72
03:35:30 50 2442 2.51 1.21 0.72
03:35:31 50 2442 2.55 1.24 0.73
03:35:32 50 2444 2.55 1.24 0.73
03:35:33 50 2444 2.55 1.24 0.73
03:35:34 50 2444 2.55 1.24 0.73
03:35:35 50 2442 2.55 1.24 0.73
03:35:36 50 2441 2.51 1.25 0.74
03:35:37 50 2441 2.51 1.25 0.74
03:35:38 51 2441 2.51 1.25 0.74
03:35:39 51 2441 2.51 1.25 0.74
03:35:40 51 2441 2.51 1.25 0.74
03:35:41 51 2442 2.47 1.27 0.75
03:35:42 51 2444 2.47 1.27 0.75
03:35:43 51 2442 2.47 1.27 0.75
03:35:44 51 2442 2.47 1.27 0.75
03:35:45 51 2442 2.47 1.27 0.75
03:35:46 51 2444 2.43 1.28 0.75
03:35:47 51 2442 2.43 1.28 0.75
03:35:48 51 2441 2.43 1.28 0.75
03:35:49 51 2442 2.43 1.28 0.75
03:35:50 51 2441 2.43 1.28 0.75
